0 1 集合与常用逻辑用语
1 2 集合的概念 0 1
1 3 集合的运算 0 1
1 4 常用逻辑用语 0 1
2 5 命题及其关系 4 1
2 6 充分条件与必要条件 4 1
2 7 简单的逻辑联结词 4 1
2 8 全称量词与存在性量词 4 1
0 9 函数与导数
1 10 函数 0 9
2 11 函数及其表示 10 9
2 18 解析式 10 9
2 12 函数的定义域与值域 10 9
2 13 函数的单调性与最值 10 9
2 14 函数的奇偶性 10 9
2 19 周期性和对称性 10 9
2 15 零点与方程 10 9
2 16 反函数 10 9
2 17 函数图象 10 9
1 20 基本初等函数与应用 0 9
2 21 一次函数与二次函数 20 9
2 22 指数与指数函数 20 9
2 23 对数与对数函数 20 9
2 24 幂函数 20 9
2 25 函数模型及其应用 20 9
2 26 函数综合 20 9
2 27 分段函数，抽象函数与复合函数 20 9
1 28 导数 0 9
2 31 导数的概念和几何意义 28 9
2 32 导数计算 28 9
2 9381 函数求导运算 28 9
2 34 利用导数研究函数的单调性 28 9
2 35 利用导数证明不等式 28 9
2 36 利用导数求最值和极值 28 9
2 29 导数的综合运用 28 9
2 33 导数的实际应用 28 9
2 30 积分 28 9
1 37 极限 0 9
2 38 函数极限 37 9
2 39 函数连续性 37 9
1 40 映射 0 9
0 41 三角函数
1 42 三角函数 0 41
2 43 任意角和弧度制 42 41
2 44 同角三角函数的基本关系式 42 41
2 48 诱导公式 42 41
2 45 三角函数的图像与性质 42 41
2 46 三角函数图像变换 42 41
2 47 三角函数综合 42 41
2 49 三角函数应用 42 41
1 50 三角恒等变换 0 41
2 51 两角和与差的三角函数 50 41
2 52 倍角公式 50 41
2 53 半角公式 50 41
2 54 恒等变换综合 50 41
1 55 解三角形 0 41
2 56 正弦定理 55 41
2 57 余弦定理 55 41
2 58 解斜三角形 55 41
0 59 平面向量
1 60 平面向量的概念及几何运算 0 59
2 61 平面向量的概念 60 59
2 62 平面向量的几何运算 60 59
2 63 线性运算 60 59
1 64 平面向量基本定理及坐标表示 0 59
2 65 平面向量基本定理 64 59
2 66 平面向量坐标运算 64 59
1 67 数量积及其应用 0 59
2 68 数量积的定义 67 59
2 69 数量积的应用 67 59
1 70 平面向量的应用 0 59
2 71 平面向量的物理应用 70 59
2 72 平面向量的几何应用 70 59
1 73 平移 0 59
1 74 线段的定比分点 0 59
0 75 数列
1 1518 数列的递推关系 0 75
1 76 数列的概念与通项公式 0 75
1 77 等差数列 0 75
1 78 等比数列 0 75
1 79 数列的求和 0 75
2 80 公式法，分组求和 79 75
2 81 倒序相加，错位相减，裂项抵消求和 79 75
1 83 数列极限 0 75
1 82 数列综合应用 0 75
0 84 不等式
1 85 不等式的性质 0 84
1 86 具体的不等式 0 84
2 87 一元二次不等式 86 84
2 88 绝对值不等式 86 84
2 89 指数不等式 86 84
2 90 对数不等式 86 84
2 91 三角不等式 86 84
2 92 无理不等式 86 84
2 93 分式不等式 86 84
1 94 基本不等式 0 84
2 95 均值定理 94 84
2 96 均值定理的应用 94 84
1 97 线性规划 0 84
2 98 二元一次不等式【组】表示的平面区域 97 84
2 99 线性规划 97 84
1 100 不等式选讲 0 84
2 101 绝对值不等式 100 84
2 102 柯西不等式 100 84
2 103 排序不等式 100 84
2 104 不等式证明 100 84
0 105 立体几何
1 106 空间几何体 0 105
2 107 柱，锥，台，球的结构特征 106 105
2 108 空间几何体的三视图与直观图 106 105
2 109 空间几何体的表面积与体积 106 105
2 110 欧拉定理 106 105
1 111 点线面的位置关系的判定 0 105
2 112 平行 111 105
2 113 垂直 111 105
2 116 立体几何综合 111 105
2 1516 点线面的位置关系 111 105
1 117 空间向量 0 105
2 114 距离 117 105
2 115 空间的角 117 105
2 118 空间向量基本定理与坐标运算 117 105
2 119 平面法向量的求法 117 105
2 120 利用直线方向向量与平面法向量解决证明问题 117 105
2 121 利用直线方向向量与平面法向量解决计算问题 117 105
0 122 解析几何
1 123 直线 0 122
2 124 直线的倾斜角与斜率 123 122
2 125 直线方程 123 122
2 126 两条直线的位置关系 123 122
2 127 平面几何的基本公式 123 122
2 128 直线综合 123 122
1 129 圆 0 122
2 130 圆的标准方程与一般方程 129 122
2 131 直线与圆的位置关系 129 122
2 132 圆与圆的位置关系 129 122
1 133 圆锥曲线 0 122
2 138 椭圆 133 122
2 139 双曲线 133 122
2 140 抛物线 133 122
2 137 圆锥曲线综合 133 122
0 8631 极坐标、几何选讲、参数方程
1 141 极坐标 0 8631
2 142 平面直角坐标系 141 8631
2 143 极坐标系 141 8631
2 144 简单曲线的极坐标方程 141 8631
2 145 柱坐标系与球坐标系 141 8631
1 146 几何选讲 0 8631
2 147 相似三角形 146 8631
2 148 圆 146 8631
1 149 参数方程 0 8631
2 134 曲线参数方程 149 8631
2 135 极坐标方程 149 8631
2 136 参数和普通方程互化 149 8631
0 150 统计与概率
1 151 统计 0 150
2 152 抽样 151 150
2 153 频率分布表与直方图 151 150
2 154 变量相关 151 150
2 155 统计案例 151 150
2 8632 茎叶图 151 150
2 8633 样本的数据特征 151 150
1 156 排列组合与二项式定理 0 150
2 157 排列与排列的运用 156 150
2 158 组合与组合的运用 156 150
2 159 二项式定理与性质 156 150
2 160 排列组合综合应用 156 150
1 161 概率 0 150
2 162 古典概型 161 150
2 163 几何概型 161 150
2 164 互斥事件与加法公式 161 150
2 165 对立事件与减法公式 161 150
2 166 条件概率 161 150
2 167 独立事件与乘法公式 161 150
2 168 独立重复试验某事件发生的概率 161 150
2 169 随机变量的期望与方差 161 150
2 170 随机变量的分布列 161 150
2 171 概率综合 161 150
2 172 正态分布 161 150
2 173 随机事件的概念及概率 161 150
1 174 两个原理 0 150
2 175 加法计数原理 174 150
2 176 乘法计数原理 174 150
0 177 算法与框图
1 178 框图 0 177
2 179 结构图、流程图 178 177
1 180 程序语言 0 177
1 181 算法案例 0 177
1 182 算法和程序框图 0 177
0 183 推理与证明、数系的扩充与复数
1 184 推理与证明 0 183
2 185 合情推理与演绎推理 184 183
2 186 直接证明与间接证明 184 183
2 187 数学归纳法 184 183
1 188 复数 0 183
2 189 复数概念和向量表示 188 183
2 190 复数的加减 188 183
2 191 复数乘除和乘方 188 183
2 192 复数三角形式与运算 188 183
2 193 复数综合运算 188 183
2 194 数系的扩充 188 183
1 195 矩阵行列式 0 183
2 196 矩阵 195 183
2 197 行列式 195 183
